23,8
23,7
23,6
23,5
23,4
20,15
20,14
20,13
20,12
20,11
20,10
20,9
20,8
20,7
20,6
20,5
20,4
19,35
19,34
19,33
19,32
19,31
19,30
19,29
19,28
19,27
19,26
19,25
19,24
19,23
19,22
19,21
19,20
19,19
19,18
19,17
19,16
19,15
19,14
19,13
19,12
19,11
19,10
19,9
19,8
19,4
4,3
2,70
2,69
2,68
2,66
2,65
2,64
2,35
2,34
2,33
2,32
2,31
2,30
2,29
2,28
2,27
2,26
2,25
2,24
2,23
2,22
2,21
2,20
2,19
2,18
2,17
2,16
2,15
2,14
2,13
2,12
2,11
2,10
2,9
2,8
2,7
2,4
2,3
1,5
1,4
1,3
0,462
0,461
0,459
0,458
0,455
0,454
0,452
0,451
0,448
0,447
0,445
0,443
0,414
0,410
0,404
0,243
0,9
0,0
0,1
0,310
0,305
0,463
0,453
0,446
0,442
0,460
0,450
0,457
0,456
0,308
0,304
0,303
0,302
0,307
0,444
0,12
0,403
0,10
0,449
0,8
0,300
0,400
0,299
0,391
0,298
0,510
0,297
0,502
0,296
0,309
0,295
0,345
0,294
0,293
0,359
0,292
0,291
0,350
0,290
0,395
0,289
0,497
0,288
0,418
0,287
0,346
0,286
0,390
0,285
0,504
0,284
0,389
0,283
0,344
0,282
0,325
0,281
0,421
0,280
0,324
0,279
0,343
0,278
0,439
0,277
0,438
23,9
23,10
23,12
23,13
23,15
23,16
23,18
23,20
23,21
25,5
25,6
25,8
25,10
25,11
25,13
25,14
25,16
25,17
25,19
51,8
51,9
53,5
53,12
53,14
53,16
53,17
53,19
53,20
53,22
53,23
54,4
54,6
54,7
54,9
54,10
58,5
58,7
58,8
58,10
58,11
58,13
58,14
58,16
58,18
58,19
58,21
58,22
58,24
58,26
58,27
58,29
58,30
58,32
58,34
58,35
58,37
58,38
58,40
58,41
58,43
58,45
58,46
58,48
58,49
58,51
58,53
58,54
58,56
58,57
58,59
58,60
58,62
58,64
58,65
58,67
58,68
58,70
64,3
64,4
64,6
64,7
64,9
64,10
64,12
64,14
64,15
64,17
64,18
64,20
64,22
64,23
64,25
64,26
64,28
64,30
64,31
65,4
65,5
65,7
65,8
65,10
65,12
65,13
65,15
65,16
65,18
65,20
65,21
65,23
65,24
65,26
66,3
66,5
66,7
66,8
66,10
67,3
67,5
67,7
67,8
67,10
67,11
68,3
68,4
68,6
68,8
68,9
68,11
68,12
68,14
68,16
68,17
68,19
68,20
69,3
69,4
69,6
70,3
70,4
71,1
71,2
71,4
71,6
71,7
72,1
72,2
72,4
73,0
73,1
73,3
74,0
74,2
74,3
74,5
75,1
75,2
76,0
76,1
76,3
76,5
76,6
77,1
77,2
77,4
77,5
77,7
77,9
77,10
77,12
77,13
77,15
78,0
78,1
78,3
78,4
78,6
78,7
78,9
78,11
78,12
78,14
78,15
78,17
78,19
78,20
78,22
78,23
78,25
78,27
78,28
78,30
78,31
78,33
78,34
78,36
78,38
78,39
78,41
78,42
78,44
78,46
78,47
78,49
78,50
78,52
78,53
78,55
78,57
78,58
78,60
78,61
78,63
78,65
78,66
78,68
78,69
78,71
78,72
78,74
78,76
78,77
78,79
78,80
78,82
78,84
78,85
78,87
78,88
78,90
78,91
78,93
78,95
78,96
78,98
78,99
78,101
78,103
78,104
78,106
78,107
78,109
78,111
78,112
78,114
78,115
78,117
78,118
78,120
78,122
78,123
78,125
78,126
78,128
78,130
78,131
78,192
78,193
78,195
78,196
78,198
78,200
78,201
78,203
78,204
78,206
78,208
78,209
78,211
78,212
78,214
78,215
78,217
78,219
78,220
78,222
78,223
78,225
78,227
78,228
78,230
78,231
78,233
78,235
78,236
78,257
78,258
79,0
79,1
79,3
79,5
79,6
79,8
79,9
80,0
80,2
80,3
80,5
81,0
81,2
81,3
81,5
81,7
82,0
82,2
82,3
83,1
83,3
83,4
84,0
84,1
84,3
84,4
85,0
85,2
85,3
85,5
86,0
86,2
87,0
87,1
87,3
87,4
87,6
87,8
88,0
88,2
88,3
88,5
89,0
89,2
89,4
90,0
90,2
90,3
90,5
91,1
91,2
91,4
91,5
91,7
92,0
92,2
92,4
92,5
93,1
93,2
93,4
94,1
94,2
94,4
95,0
95,2
95,3
96,0
96,2
96,3
97,1
97,2
97,4
97,6
97,7
98,1
98,2
98,4
98,5
99,0
99,2
99,3
99,5
100,0
100,2
100,4
100,5
101,0
101,1
101,3
102,0
102,1
102,3
102,4
103,1
103,2
103,4
103,6
103,7
103,9
103,10
103,12
104,1
104,2
104,4
104,5
105,1
105,2
106,0
106,2
106,3
107,0
107,1
107,3
108,0
108,1
108,3
109,0
109,2
109,3
110,0
110,2
110,3
111,1
111,2
111,4
112,1
112,2
112,4
112,5
113,1
113,3
113,4
114,1
114,2
115,0
115,1
115,3
116,0
116,1
116,3
116,4
117,0
117,2
117,3
117,5
117,6
117,8
118,0
118,2
118,4
118,5
118,7
119,0
119,2
119,4
119,5
120,1
120,2
120,4
120,5
121,1
121,3
121,4
122,0
122,1
122,3
122,5
123,0
123,2
123,3
123,5
123,6
123,8
124,1
124,2
124,4
124,5
125,1
125,3
125,4
126,0
126,1
126,3
126,5
127,0
127,2
127,3
127,5
128,0
128,2
128,4
128,5
129,1
129,2
129,4
130,0
130,1
130,3
130,4
131,0
131,1
131,3
131,5
132,0
132,2
132,3
132,5
132,7
132,8
133,1
133,2
133,4
133,5
134,1
134,3
134,4
135,0
135,1
135,3
135,5
135,6
136,1
136,2
136,4
137,0
137,1
137,3
137,4
137,6
138,0
138,2
138,4
138,5
139,1
139,2
139,4
139,6
140,0
140,2
140,3
140,5
141,0
141,2
141,4
141,5
142,0
142,1
142,3
142,5
143,0
143,2
143,3
143,5
144,0
144,2
144,4
144,5
145,0
145,1
145,3
145,5
146,0
146,2
146,3
146,5
146,6
147,1
147,3
147,4
148,0
148,1
148,3
148,5
148,6
149,1
149,2
149,4
150,0
150,1
150,3
150,4
150,6
151,0
151,2
151,4
151,5
152,1
152,2
152,4
152,6
153,0
153,2
153,3
153,5
154,0
154,2
154,4
154,5
155,0
155,1
155,3
155,5
156,0
156,2
156,3
156,5
156,6
157,1
157,3
157,4
158,0
158,1
158,3
158,5
158,6
159,1
159,2
159,4
160,0
160,1
160,3
160,4
160,6
160,7
160,9
161,0
161,1
161,3
161,4
162,0
162,2
162,3
162,5
163,0
163,2
163,3
163,5
164,1
164,2
164,4
164,5
165,1
165,3
165,4
165,6
166,0
166,2
166,3
166,5
167,1
167,2
167,4
167,5
168,1
168,3
168,4
168,6
169,0
169,2
169,4
169,5
170,1
170,2
170,4
170,5
171,1
171,3
171,4
172,1
172,2
172,4
173,1
173,2
173,4
174,0
174,2
174,3
174,5
174,7
174,8
175,1
175,2
175,4
176,1
176,2
176,4
177,0
177,2
177,3
178,0
178,2
178,3
179,0
179,1
179,3
180,0
180,1
180,3
180,4
181,1
181,2
181,4
182,1
182,2
182,4
183,0
183,2
183,4
184,0
184,2
184,3
184,5
184,7
184,8
184,10
184,11
185,0
185,1
185,3
186,0
186,1
186,3
186,4
187,1
187,3
187,4
188,1
188,2
188,4
189,0
189,2
189,4
190,0
190,2
190,3
191,0
191,2
191,3
192,0
192,1
192,3
192,4
193,1
193,3
193,4
194,1
194,2
194,4
195,1
195,2
195,4
195,5
195,7
195,9
195,10
196,1
196,2
196,4
197,0
197,2
197,4
198,0
198,2
198,3
198,5
199,1
199,2
200,0
200,1
200,3
201,0
201,2
201,4
201,5
201,7
202,0
202,2
203,0
203,1
203,3
205,0
205,2
205,3
206,0
206,2
206,3
207,1
207,2
207,4
209,1
209,2
210,0
210,1
210,3
211,0
211,2
212,0
212,1
212,3
213,0
213,2
214,0
214,1
214,3
216,0
216,2
218,0
218,1
218,3
218,4
218,6
218,7
218,9
219,0
219,1
219,3
219,4
219,6
219,8
219,9
220,0
220,1
220,3
220,4
220,6
220,8
220,9
221,0
221,1
221,3
221,5
221,6
221,8
221,9
222,0
222,1
222,3
222,5
222,6
222,8
222,9
223,0
223,2
223,3
223,5
223,6
223,8
223,10
223,11
223,13
223,14
223,16
223,17
223,19
223,21
223,22
223,24
223,25
223,27
223,29
223,30
223,32
223,33
224,1
224,2
224,4
224,6
224,7
224,9
224,10
225,1
225,3
225,4
225,6
225,7
225,9
225,10
226,1
226,3
226,4
226,6
226,7
226,9
227,0
227,1
227,3
227,4
227,6
227,7
227,9
228,0
228,1
228,3
228,4
228,6
228,8
228,9
229,0
229,1
229,3
229,5
229,6
229,8
229,9
230,0
230,1
230,3
230,5
230,6
230,8
230,9
231,0
231,2
231,3
231,5
231,6
231,8
231,9
232,0
232,2
232,3
232,5
232,6
232,8
232,10
233,0
233,2
233,3
233,5
233,6
233,8
233,10
234,0
234,2
234,3
234,5
234,7
234,8
234,10
235,0
235,2
235,4
235,5
235,7
235,8
235,10
236,0
236,2
236,4
236,5
236,7
236,8
236,10
237,1
237,2
237,4
237,5
237,7
237,8
237,10
238,1
238,2
238,4
238,5
238,7
238,9
238,10
239,1
239,2
239,4
239,5
239,7
239,9
239,10
240,1
240,2
241,0
241,2
241,3
242,1
242,2
243,0
243,2
243,3
244,1
244,2
245,0
245,1
245,3
245,5
245,6
246,1
246,2
247,0
247,2
247,3
249,1
249,2
250,0
250,1
250,3
251,1
251,2
253,0
253,1
253,3
254,1
254,2
255,0
255,1
255,3
256,0
256,2
257,0
257,1
257,3
258,0
258,2
260,0
260,1
260,3
262,0
262,2
262,3
263,0
263,2
263,3
263,5
264,0
264,2
264,4
264,5
265,1
265,2
265,4
265,6
266,0
266,2
266,3
267,0
267,1
267,3
268,1
268,2
268,4
269,0
269,2
270,0
270,1
270,3
270,4
270,6
270,7
271,1
271,3
271,4
272,0
272,1
272,3
273,0
273,1
273,3
273,4
274,0
274,1
274,3
275,1
275,2
276,0
276,1
276,3
277,1
277,2
278,0
278,1
278,3
279,1
279,2
280,0
280,1
280,3
281,0
281,2
282,0
282,1
282,3
282,4
282,6
282,8
282,9
283,0
283,1
283,3
284,0
284,2
285,0
285,1
285,3
286,0
286,2
287,0
287,1
287,3
288,0
288,2
288,3
289,1
289,3
290,0
290,2
290,3
291,1
291,3
292,0
292,2
292,3
293,1
293,2
294,0
294,2
294,3
294,5
294,6
294,8
297,0
297,1
297,3
297,4
297,6
298,0
298,1
298,3
298,4
298,6
298,7
299,0
299,2
299,3
300,1
300,2
301,0
301,2
301,3
302,1
302,2
305,0
305,1
305,3
306,1
306,2
307,0
307,1
307,3
307,2
306,3
306,0
305,2
302,3
302,0
301,1
300,3
300,0
299,1
298,8
298,5
298,2
297,7
297,5
297,2
294,9
294,7
294,4
294,1
293,3
293,0
292,1
291,2
291,0
290,1
289,2
289,0
288,1
287,2
286,3
286,1
285,2
284,3
284,1
283,2
282,10
282,7
282,5
282,2
281,3
281,1
280,2
279,3
279,0
278,2
277,3
277,0
276,2
275,3
275,0
274,2
273,5
273,2
272,4
272,2
271,5
271,2
271,0
270,5
270,2
269,3
269,1
268,3
268,0
267,2
266,4
266,1
265,5
265,3
265,0
264,3
264,1
263,4
263,1
262,4
262,1
260,2
258,3
258,1
257,2
256,3
256,1
255,2
254,3
254,0
253,2
251,3
251,0
250,2
249,3
249,0
247,1
246,3
246,0
245,4
245,2
244,3
244,0
243,1
242,3
242,0
241,1
240,3
240,0
239,8
239,6
239,3
239,0
238,8
238,6
238,3
238,0
237,9
237,6
237,3
237,0
236,9
236,6
236,3
236,1
235,9
235,6
235,3
235,1
234,9
234,6
234,4
234,1
233,9
233,7
233,4
233,1
232,9
232,7
232,4
232,1
231,10
231,7
231,4
231,1
230,10
230,7
230,4
230,2
229,10
229,7
229,4
229,2
228,10
228,7
228,5
228,2
227,10
227,8
227,5
227,2
226,10
226,8
226,5
226,2
226,0
225,8
225,5
225,2
225,0
224,8
224,5
224,3
224,0
223,31
223,28
223,26
223,23
223,20
223,18
223,15
223,12
223,9
223,7
223,4
223,1
222,10
222,7
222,4
222,2
221,10
221,7
221,4
221,2
220,10
220,7
220,5
220,2
219,10
219,7
219,5
219,2
218,10
218,8
218,5
218,2
216,3
216,1
214,2
213,3
213,1
212,2
211,3
211,1
210,2
209,3
209,0
207,3
207,0
206,1
205,4
205,1
203,2
202,3
202,1
201,6
201,3
201,1
200,2
199,3
199,0
198,4
198,1
197,3
197,1
196,3
196,0
195,8
195,6
195,3
195,0
194,3
194,0
193,2
193,0
192,2
191,4
191,1
190,4
190,1
189,3
189,1
188,3
188,0
187,2
187,0
186,2
185,4
185,2
184,12
184,9
184,6
184,4
184,1
183,3
183,1
182,3
182,0
181,3
181,0
180,2
179,4
179,2
178,4
178,1
177,4
177,1
176,3
176,0
175,3
175,0
174,6
174,4
174,1
173,3
173,0
172,3
172,0
171,2
171,0
170,3
170,0
169,3
169,1
168,5
168,2
168,0
167,3
167,0
166,4
166,1
165,5
165,2
165,0
164,3
164,0
163,4
163,1
162,4
162,1
161,5
161,2
160,10
160,8
160,5
160,2
159,5
159,3
159,0
158,4
158,2
157,5
157,2
157,0
156,4
156,1
155,4
155,2
154,6
154,3
154,1
153,4
153,1
152,5
152,3
152,0
151,3
151,1
150,5
150,2
149,5
149,3
149,0
148,4
148,2
147,5
147,2
147,0
146,4
146,1
145,4
145,2
144,6
144,3
144,1
143,4
143,1
142,4
142,2
141,6
141,3
141,1
140,4
140,1
139,5
139,3
139,0
138,3
138,1
137,5
137,2
136,5
136,3
136,0
135,4
135,2
134,5
134,2
134,0
133,3
133,0
132,6
132,4
132,1
131,4
131,2
130,5
130,2
129,5
129,3
129,0
128,3
128,1
127,4
127,1
126,4
126,2
125,5
125,2
125,0
124,3
124,0
123,7
123,4
123,1
122,4
122,2
121,5
121,2
121,0
120,3
120,0
119,3
119,1
118,6
118,3
118,1
117,7
117,4
117,1
116,5
116,2
115,4
115,2
114,3
114,0
113,2
113,0
112,3
112,0
111,3
111,0
110,1
109,4
109,1
108,2
107,4
107,2
106,4
106,1
105,3
105,0
104,3
104,0
103,11
103,8
103,5
103,3
103,0
102,2
101,4
101,2
100,6
100,3
100,1
99,4
99,1
98,6
98,3
98,0
97,5
97,3
97,0
96,1
95,4
95,1
94,3
94,0
93,3
93,0
92,3
92,1
91,6
91,3
91,0
90,4
90,1
89,3
89,1
88,4
88,1
87,7
87,5
87,2
86,3
86,1
85,4
85,1
84,5
84,2
83,5
83,2
83,0
82,1
81,6
81,4
81,1
80,4
80,1
79,10
79,7
79,4
79,2
78,259
78,256
78,234
78,232
78,229
78,226
78,224
78,221
78,218
78,216
78,213
78,210
78,207
78,205
78,202
78,199
78,197
78,194
78,132
78,129
78,127
78,124
78,121
78,119
78,116
78,113
78,110
78,108
78,105
78,102
78,100
78,97
78,94
78,92
78,89
78,86
78,83
78,81
78,78
78,75
78,73
78,70
78,67
78,64
78,62
78,59
78,56
78,54
78,51
78,48
78,45
78,43
78,40
78,37
78,35
78,32
78,29
78,26
78,24
78,21
78,18
78,16
78,13
78,10
78,8
78,5
78,2
77,16
77,14
77,11
77,8
77,6
77,3
77,0
76,4
76,2
75,3
75,0
74,4
74,1
73,2
72,5
72,3
72,0
71,5
71,3
71,0
69,7
69,5
68,21
68,18
68,15
68,13
68,10
68,7
68,5
67,12
67,9
67,6
67,4
66,9
66,6
66,4
65,25
65,22
65,19
65,17
65,14
65,11
65,9
65,6
65,3
64,29
64,27
64,24
64,21
64,19
64,16
64,13
64,11
64,8
64,5
61,3
58,69
58,66
58,63
58,61
58,58
58,55
58,52
58,50
58,47
58,44
58,42
58,39
58,36
58,33
58,31
58,28
58,25
58,23
58,20
58,17
58,15
58,12
58,9
58,6
58,4
54,8
54,5
53,24
53,21
53,18
53,15
53,13
53,4
51,7
25,18
25,15
25,12
25,9
25,7
25,4
23,19
23,17
23,14
23,11
0,276
0,394
0,275
0,326
0,274
0,423
0,273
0,272
0,437
0,271
0,323
0,270
0,387
0,269
0,328
0,268
0,392
0,267
0,422
0,266
0,430
0,265
0,352
0,264
0,416
0,263
0,321
0,262
0,320
0,261
0,436
0,260
0,509
0,259
0,340
0,258
0,386
